1
5
9
13
17
22
26
30
34
38
42
46
50
55
59
63
67
71
75
79
83
88
92
96
100
104
108
112
116
121
125
129
133
137
141
145
149
154
158
162
166
170
174
178
182
187
191
195
199
203
207
211
215
220
224
228
232
236
240
244
248
253
257
261
265
269
273
277
281
286
290
294
298
302
306
310
314
319
323
327
331
335
339
343
347
352
356
360
364
368
372
376
380
385
389
393
397
401
405
409
413
418
422
426
430
434
438
442
446
451
455
459
463
467
471
475
479
484
488
492
496
500
504
508
512
517
521
525
529
533
537
541
545
550
554
558
562
566
570
574
578
583
587
591
595
599
603
607
611
616
620
624
628
632
636
640
644
649
653
657
661
665
669
673
677
682
686
690
694
698
702
706
710
715
719
723
727
731
735
739
743
748
752
756
760
764
768
772
776
781
785
789
793
797
801
805
809
814
818
822
826
830
834
838
842
847
851
855
859
863
867
871
875
880
884
888
892
896
900
904
908
913
917
921
925
929
933
937
941
946
950
954
958
962
966
970
974
979
983
987
991
995
999
1003
1007
1012
1016
1020
1024
1028
1032
1036
1040
1045
1049
1053
1057
1061
1065
1069
1073
1078
1082
1086
1090
1094
1098
1102
1106
1111
1115
1119
1123
1127
1131
1135
1139
1144
1148
1152
1156
1160
1164
1168
1172
1177
1181
1185
1189
1193
1197
1201
1205
1210
1214
1218
1222
1226
1230
1234
1238
1243
1247
1251
1255
1259
1263
1267
1271
1276
1280
1284
1288
1292
1296
1300
1304
1309
1313
1317
1321
1325
1329
1333
1337
1342
1346
1350
1354
1358
1362
1366
1370
1375
1379
1383
1387
1391
1395
1399
1403
1408
1412
1416
1420
1424
1428
1432
1436
1441
1445
1449
1453
1457
1461
1465
1469
1474
1478
1482
1486
1490
1494
1498
1502
1507
1511
1515
1519
1523
1527
1531
1535
1540
1544
1548
1552
1556
1560
1564
1568
1573
1577
1581
1585
1589
1593
1597
