0
4
8
12
16
20
24
28
33
37
41
45
49
53
57
61
66
70
74
78
82
86
90
95
99
103
107
111
115
119
123
128
132
136
140
144
148
152
156
161
165
169
173
177
181
185
189
194
198
202
206
210
214
218
223
227
231
235
239
243
247
251
256
260
264
268
272
276
280
284
289
293
297
301
305
309
313
317
322
326
330
334
338
342
346
351
355
359
363
367
371
375
379
384
388
392
396
400
404
408
412
417
421
425
429
433
437
441
445
450
454
458
462
466
470
474
479
483
487
491
495
499
503
507
512
516
520
524
528
532
536
540
545
549
553
557
561
565
569
573
578
582
586
590
594
598
602
607
611
615
619
623
627
631
635
640
644
648
652
656
660
664
668
673
677
681
685
689
693
697
701
706
710
714
718
722
726
730
735
739
743
747
751
755
759
763
768
772
776
780
784
788
792
796
801
805
809
813
817
821
825
829
834
838
842
846
850
854
858
863
867
871
875
879
883
887
891
896
900
904
908
912
916
920
924
929
933
937
941
945
949
953
957
962
966
970
974
978
982
986
991
995
999
1003
1007
1011
1015
1019
1024
1028
1032
1036
1040
1044
1048
1052
1057
1061
1065
1069
1073
1077
1081
1085
1090
1094
1098
1102
1106
1110
1114
1119
1123
1127
1131
1135
1139
1143
1147
1152
1156
1160
1164
1168
1172
1176
1180
1185
1189
1193
1197
1201
1205
1209
1213
1218
1222
1226
1230
1234
1238
1242
1247
1251
1255
1259
1263
1267
1271
1275
1280
1284
1288
1292
1296
1300
1304
1308
1313
1317
1321
1325
1329
1333
1337
1341
1346
1350
1354
1358
1362
1366
1370
1375
1379
1383
1387
1391
1395
1399
1403
1408
1412
1416
1420
1424
1428
1432
1436
1441
1445
1449
1453
1457
1461
1465
1469
1474
1478
1482
1486
1490
1494
1498
1503
1507
1511
1515
1519
1523
1527
1531
1536
1540
1544
1548
1552
1556
1560
1564
1569
1573
1577
1581
1585
1589
1593
1597