[ 4,
  8,
  12,
  16,
  20,
  24,
  29,
  33,
  37,
  41,
  45,
  49,
  53,
  57,
  62,
  66,
  70,
  74,
  78,
  82,
  86,
  90,
  95,
  99,
  103,
  107,
  111,
  115,
  119,
  123,
  128,
  132,
  136,
  140,
  144,
  148,
  152,
  157,
  161,
  165,
  169,
  173,
  177,
  181,
  185,
  190,
  194,
  198,
  202,
  206,
  210,
  214,
  218,
  223,
  227,
  231,
  235,
  239,
  243,
  247,
  251,
  256,
  260,
  264,
  268,
  272,
  276,
  280,
  285,
  289,
  293,
  297,
  301,
  305,
  309,
  313,
  318,
  322,
  326,
  330,
  334,
  338,
  342,
  346,
  351,
  355,
  359,
  363,
  367,
  371,
  375,
  379,
  384,
  388,
  392,
  396,
  400,
  404,
  408,
  413,
  417,
  421,
  425,
  429,
  433,
  437,
  441,
  446,
  450,
  454,
  458,
  462,
  466,
  470,
  474,
  479,
  483,
  487,
  491,
  495,
  499,
  503,
  507,
  512,
  516,
  520,
  524,
  528,
  532,
  536,
  541,
  545,
  549,
  553,
  557,
  561,
  565,
  569,
  574,
  578,
  582,
  586,
  590,
  594,
  598,
  602,
  607,
  611,
  615,
  619,
  623,
  627,
  631,
  635,
  640,
  644,
  648,
  652,
  656,
  660,
  664,
  669,
  673,
  677,
  681,
  685,
  689,
  693,
  697,
  702,
  706,
  710,
  714,
  718,
  722,
  726,
  730,
  735,
  739,
  743,
  747,
  751,
  755,
  759,
  763,
  768,
  772,
  776,
  780,
  784,
  788,
  792,
  796,
  801,
  805,
  809,
  813,
  817,
  821,
  825,
  830,
  834,
  838,
  842,
  846,
  850,
  854,
  858,
  863,
  867,
  871,
  875,
  879,
  883,
  887,
  891,
  896,
  900,
  904,
  908,
  912,
  916,
  920,
  924,
  929,
  933,
  937,
  941,
  945,
  949,
  953,
  958,
  962,
  966,
  970,
  974,
  978,
  982,
  986,
  991,
  995,
  999,
  1003,
  1007,
  1011,
  1015,
  1019,
  1024,
  1028,
  1032,
  1036,
  1040,
  1044,
  1048,
  1052,
  1057,
  1061,
  1065,
  1069,
  1073,
  1077,
  1081,
  1086,
  1090,
  1094,
  1098,
  1102,
  1106,
  1110,
  1114,
  1119,
  1123,
  1127,
  1131,
  1135,
  1139,
  1143,
  1147,
  1152,
  1156,
  1160,
  1164,
  1168,
  1172,
  1176,
  1180,
  1185,
  1189,
  1193,
  1197,
  1201,
  1205,
  1209,
  1214,
  1218,
  1222,
  1226,
  1230,
  1234,
  1238,
  1242,
  1247,
  1251,
  1255,
  1259,
  1263,
  1267,
  1271,
  1275,
  1280,
  1284,
  1288,
  1292,
  1296,
  1300,
  1304,
  1308,
  1313,
  1317,
  1321,
  1325,
  1329,
  1333,
  1337,
  1342,
  1346,
  1350,
  1354,
  1358,
  1362,
  1366,
  1370,
  1375,
  1379,
  1383,
  1387,
  1391,
  1395,
  1399,
  1403,
  1408,
  1412,
  1416,
  1420,
  1424,
  1428,
  1432,
  1436,
  1441,
  1445,
  1449,
  1453,
  1457,
  1461,
  1465,
  1469,
  1474,
  1478,
  1482,
  1486,
  1490,
  1494,
  1498,
  1503,
  1507,
  1511,
  1515,
  1519,
  1523,
  1527,
  1531,
  1536,
  1540,
  1544,
  1548,
  1552,
  1556,
  1560,
  1564,
  1569,
  1573,
  1577,
  1581,
  1585,
  1589,
  1593,
  1597,
  1602,
  1606,
  1610,
  1614,
  1618,
  1622,
  1626,
  1631,
  1635,
  1639,
  1643,
  1647,
  1651,
  1655,
  1659,
  1664,
  1668,
  1672,
  1676,
  1680,
  1684,
  1688,
  1692,
  1697,
  1701,
  1705,
  1709,
  1713,
  1717,
  1721,
  1725,
  1730,
  1734,
  1738,
  1742,
  1746,
  1750,
  1754,
  1759,
  1763,
  1767,
  1771,
  1775,
  1779,
  1783,
  1787,
  1792,
  1796,
  1800,
  1804,
  1808,
  1812,
  1816,
  1820,
  1825,
  1829,
  1833,
  1837,
  1841,
  1845,
  1849,
  1853,
  1858,
  1862,
  1866,
  1870,
  1874,
  1878,
  1882,
  1887,
  1891,
  1895,
  1899,
  1903,
  1907,
  1911,
  1915,
  1920,
  1924,
  1928,
  1932,
  1936,
  1940,
  1944,
  1948,
  1953,
  1957,
  1961,
  1965,
  1969,
  1973,
  1977,
  1981,
  1986,
  1990,
  1994,
  1998,
  2002,
  2006,
  2010,
  2015,
  2019,
  2023,
  2027,
  2031,
  2035,
  2039,
  2043,
  2048,
  2052,
  2056,
  2060,
  2064,
  2068,
  2072,
  2076,
  2081,
  2085,
  2089,
  2093,
  2097,
  2101,
  2105,
  2109,
  2114,
  2118,
  2122,
  2126,
  2130,
  2134,
  2138,
  2142,
  2147,
  2151,
  2155,
  2159,
  2163,
  2167,
  2171,
  2176,
  2180,
  2184,
  2188,
  2192,
  2196,
  2200,
  2204,
  2209,
  2213,
  2217,
  2221,
  2225,
  2229,
  2233,
  2237,
  2242,
  2246,
  2250,
  2254,
  2258,
  2262,
  2266,
  2270,
  2275,
  2279,
  2283,
  2287,
  2291,
  2295,
  2299,
  2304,
  2308,
  2312,
  2316,
  2320,
  2324,
  2328,
  2332,
  2337,
  2341,
  2345,
  2349,
  2353,
  2357,
  2361,
  2365,
  2370,
  2374,
  2378,
  2382,
  2386,
  2390,
  2394,
  2398,
  2403,
  2407,
  2411,
  2415,
  2419,
  2423,
  2427,
  2432,
  2436,
  2440,
  2444,
  2448,
  2452,
  2456,
  2460,
  2465,
  2469,
  2473,
  2477,
  2481,
  2485,
  2489,
  2493,
  2498,
  2502,
  2506,
  2510,
  2514,
  2518,
  2522,
  2526,
  2531,
  2535,
  2539,
  2543,
  2547,
  2551,
  2555,
  2560,
  2564,
  2568,
  2572,
  2576,
  2580,
  2584,
  2588,
  2593,
  2597,
  2601,
  2605,
  2609,
  2613,
  2617,
  2621,
  2626,
  2630,
  2634,
  2638,
  2642,
  2646,
  2650,
  2654,
  2659,
  2663,
  2667,
  2671,
  2675,
  2679,
  2683,
  2688,
  2692,
  2696,
  2700,
  2704,
  2708,
  2712,
  2716,
  2721,
  2725,
  2729,
  2733,
  2737,
  2741,
  2745,
  2749,
  2754,
  2758,
  2762,
  2766,
  2770,
  2774,
  2778,
  2782,
  2787,
  2791,
  2795,
  2799,
  2803,
  2807,
  2811,
  2815,
  2820,
  2824,
  2828,
  2832,
  2836,
  2840,
  2844,
  2849,
  2853,
  2857,
  2861,
  2865,
  2869,
  2873,
  2877,
  2882,
  2886,
  2890,
  2894,
  2898,
  2902,
  2906,
  2910,
  2915,
  2919,
  2923,
  2927,
  2931,
  2935,
  2939,
  2943,
  2948,
  2952,
  2956,
  2960,
  2964,
  2968,
  2972,
  2977,
  2981,
  2985,
  2989,
  2993,
  2997,
  3001,
  3005,
  3010,
  3014,
  3018,
  3022,
  3026,
  3030,
  3034,
  3038,
  3043,
  3047,
  3051,
  3055,
  3059,
  3063,
  3067,
  3071,
  3076,
  3080,
  3084,
  3088,
  3092,
  3096,
  3100,
  3105,
  3109,
  3113,
  3117,
  3121,
  3125,
  3129,
  3133,
  3138,
  3142,
  3146,
  3150,
  3154,
  3158,
  3162,
  3166,
  3171,
  3175,
  3179,
  3183,
  3187,
  3191,
  3195,
  3199,
  3204,
  3208,
  3212,
  3216,
  3220,
  3224,
  3228,
  3233,
  3237,
  3241,
  3245,
  3249,
  3253,
  3257,
  3261,
  3266,
  3270,
  3274,
  3278,
  3282,
  3286,
  3290,
  3294,
  3299,
  3303,
  3307,
  3311,
  3315,
  3319,
  3323,
  3327,
  3332,
  3336,
  3340,
  3344,
  3348,
  3352,
  3356,
  3361,
  3365,
  3369,
  3373,
  3377,
  3381,
  3385,
  3389,
  3394,
  3398,
  3402,
  3406,
  3410,
  3414,
  3418,
  3422,
  3427,
  3431,
  3435,
  3439,
  3443,
  3447,
  3451,
  3455,
  3460,
  3464,
  3468,
  3472,
  3476,
  3480,
  3484,
  3488,
  3493,
  3497,
  3501,
  3505,
  3509,
  3513,
  3517,
  3522,
  3526,
  3530,
  3534,
  3538,
  3542,
  3546,
  3550,
  3555,
  3559,
  3563,
  3567,
  3571,
  3575,
  3579,
  3583,
  3588,
  3592,
  3596,
  3600,
  3604,
  3608,
  3612,
  3616,
  3621,
  3625,
  3629,
  3633,
  3637,
  3641,
  3645,
  3650,
  3654,
  3658,
  3662,
  3666,
  3670,
  3674,
  3678,
  3683,
  3687,
  3691,
  3695,
  3699,
  3703,
  3707,
  3711,
  3716,
  3720,
  3724,
  3728,
  3732,
  3736,
  3740,
  3744,
  3749,
  3753,
  3757,
  3761,
  3765,
  3769,
  3773,
  3778,
  3782,
  3786,
  3790,
  3794,
  3798,
  3802,
  3806,
  3811,
  3815,
  3819,
  3823,
  3827,
  3831,
  3835,
  3839,
  3844,
  3848,
  3852,
  3856,
  3860,
  3864,
  3868,
  3872,
  3877,
  3881,
  3885,
  3889,
  3893,
  3897,
  3901,
  3906,
  3910,
  3914,
  3918,
  3922,
  3926,
  3930,
  3934,
  3939,
  3943,
  3947,
  3951,
  3955,
  3959,
  3963,
  3967,
  3972,
  3976,
  3980,
  3984,
  3988,
  3992,
  3996,
  4000,
  4005,
  4009,
  4013,
  4017,
  4021,
  4025,
  4029,
  4034,
  4038,
  4042,
  4046,
  4050,
  4054,
  4058,
  4062,
  4067,
  4071,
  4075,
  4079,
  4083,
  4087,
  4091,
  4095,
  4100,
  4104,
  4108,
  4112,
  4116,
  4120,
  4124,
  4128,
  4133,
  4137,
  4141,
  4145,
  4149,
  4153,
  4157,
  4161,
  4166 ]
T: 14ms
